generation,bestFit,avgFit,worstFit
1,67.89445840719375,148.16543233322446,239.8055803273075
2,50.987502439115616,134.1027492774909,215.7947890068922
3,36.84552399225556,121.50420429532912,191.77862087543193
4,26.282302901565227,110.20153060491484,177.4731386338768
5,19.997676974099427,100.13802083112891,165.69488257143175
6,15.165659440068586,91.22522513064116,154.058654041232
7,10.778381207181107,83.43725940745881,151.89560778187143
8,8.689198324347407,76.68312597712253,141.17757566875056
9,6.915471813230555,70.79443692858577,134.54283782888774
10,5.616123297558397,65.69407889315082,136.5636794351518
11,4.373040524370953,61.24040775735593,127.50193408317416
12,3.4700607126149703,57.39254529877215,135.67656844441555
13,2.718839484658022,54.00382620547416,132.42814969200546
14,2.232950222593934,51.01989431395287,129.21489763286894
15,1.9195315822029184,48.36522316721308,128.90754912695945
16,1.6289058244592003,45.98010110842752,127.24700543786068
17,1.4490269468774362,43.849206456332375,133.24587845107754
18,1.2135545365588796,41.92722278255547,129.9617608053776
19,1.1373409579403573,40.213943079084906,129.3995410256218
20,1.001256009266292,38.634516585773184,128.81651894167578
21,0.9114037332294773,37.20625726429767,130.0817951401562
22,0.8282537787514108,35.90048883274976,124.51011413871849
23,0.7614240486804182,34.703933918322825,124.5320359989129
24,0.7063239682124023,33.59530433162821,121.01850118436009
25,0.6557762769002764,32.576460398908736,128.55365902092709
26,0.6023519870609678,31.633186583316842,131.43529809296612
27,0.5766438189265379,30.75061100746239,129.85483637462963
28,0.5523851431424088,29.929827163825475,128.60732789396315
29,0.49305326565760815,29.167054683628894,127.12714852277
30,0.459961613762142,28.456062160082176,128.7100281016439
31,0.4373197088194539,27.79217183541547,132.04356247227994
32,0.39733609783810875,27.16821643794295,126.50287878025898
33,0.3802482428982565,26.572998195175085,130.24683273675686
34,0.36544093474940137,26.01955331092089,124.57641507342855
35,0.35444330287444825,25.50197102651199,131.69300413732202
36,0.3174745596987086,25.004830838983008,123.42120637362868
37,0.3121058019839286,24.543579742073224,131.1824558235092
38,0.30160197735307476,24.097770417189682,127.12898040816417
39,0.2960935168649991,23.6715366679806,127.17403905454462
40,0.2784185549561512,23.268715592659408,128.2171853630484
41,0.27030572088986854,22.88708048719196,129.1538898255437
42,0.26218341266347667,22.531392584843765,127.30965060071235
43,0.25594815257821474,22.183744384993837,128.90525174270016
44,0.22764756734649366,21.849480227181274,125.8126574447414
45,0.2240076557300694,21.53000451408623,132.20080544014456
46,0.21088562802281655,21.22928187001194,131.05779604102995
47,0.19968080877230587,20.938602688320643,128.207399518643
48,0.19509540333393513,20.66682070102448,124.8152864024892
49,0.18453369600288017,20.395466812396187,126.62059048742482
50,0.1810601216587172,20.13591106087369,126.25657098073995
51,0.17319439308306717,19.886839387017787,126.78843431225968
52,0.16329792729384499,19.64950594623387,131.92700490043995
53,0.15605527540834513,19.42056985746886,124.69820844094485
54,0.1528441042793818,19.1978171762725,128.0738969966213
55,0.15069438601385302,18.98274436376813,123.73155708544097
56,0.14323823910193187,18.77920707503079,126.99079239489258
57,0.1419062014784845,18.580709313865768,125.76795928932799
58,0.13878294944720093,18.385249915010203,119.9783240426231
59,0.13632653834319453,18.198194679101423,127.42783308085185
60,0.1345277873844219,18.014956875729634,124.93683625408666
61,0.12737782626225413,17.841976780415774,130.39160658956882
62,0.12201496689143673,17.675192675144494,126.07599075197827
63,0.11400080998647427,17.51115414845135,125.86592842196559
64,0.111259624959905,17.351950343847342,124.64088181211847
65,0.11104066316167174,17.19575058789735,125.16008740959342
66,0.10456873976787098,17.053009352598238,128.37014814467224
67,0.10114185522019786,16.90969863996146,125.7299358036707
68,0.09825408600457403,16.771974434188383,128.0418743206522
69,0.09396287263205233,16.637387904788277,127.02635938157644
70,0.08806645619843607,16.503470736490335,125.54951591451982
71,0.08598560286739078,16.372038515432603,126.85349989669554
72,0.08302086344164467,16.245780367801096,129.85281870535616
73,0.08051631200492348,16.12324570695799,122.35231681893312
74,0.0798324589475244,16.004816954861507,125.06045886792042
75,0.0786493223756868,15.891973246843566,127.27243969057983
76,0.0759972657463131,15.778816717199277,125.32763833137953
77,0.0726118874748817,15.670329743239181,128.35459742338054
78,0.07093601007985466,15.56203284389151,124.11236435383643
79,0.07076460171673636,15.457320279917404,125.05410038247848
80,0.06943509822373604,15.354750634223336,129.91978418553626
81,0.06777631753499905,15.257341065476492,128.09784568724334
82,0.06440394186106821,15.160020567994849,124.3991086920188
83,0.06264961198820428,15.064050911030398,126.48533438102656
84,0.06131649253865585,14.972503712293367,126.51545794111824
85,0.060870238532947714,14.881954203151928,129.78004259317393
86,0.057843622646923026,14.79747195756176,129.7615707437425
87,0.05721037486121396,14.710884635977212,124.5271504958216
88,0.056195410905486534,14.626381250832914,131.80370724715843
89,0.054600041211995055,14.547446174788409,127.86155093140431
90,0.05375275644754503,14.467397328927886,132.42311422222812
91,0.05142662388856329,14.390109082164566,130.88891370463298
92,0.050225924049331225,14.31483256386766,123.25540050343632
93,0.05001212879179248,14.240638601581331,124.436154129212
94,0.04913803412280255,14.169627820849325,125.34923002094088
95,0.04796081435777365,14.09986792768483,127.6236094180314
96,0.04767286567200616,14.030221503504157,125.7199174242296
97,0.046606862101293584,13.961139572285866,126.56539249785735
98,0.046420267069759547,13.895114394177117,128.3361568538316
99,0.04562187963810752,13.827076712162528,131.89358473498456
100,0.045243321053129414,13.761447206740582,126.7827781642841
101,0.04329326921926082,13.69706976137449,127.61965284749235
102,0.04252532267497108,13.634726316821064,130.43187522392412
103,0.04077398472318343,13.571497740503704,125.70129912764722
104,0.040144340306565655,13.5111151535531,126.76781738435784
105,0.039915012801514035,13.451574661638732,127.29807893613226
106,0.03983766094005059,13.394216271345623,129.07334341511705
107,0.03972708124351367,13.33664845111812,126.77356581235775
108,0.038245517474179105,13.280854494676046,128.33284133742163
109,0.03780679426937864,13.22530510849694,130.03607831694546
110,0.03769586665901823,13.171852894589751,129.8536057040374
111,0.03478056199824232,13.120365276969517,126.65067060953749
112,0.03425063818063432,13.070035405974957,131.75587179054196
113,0.03415772110595127,13.020763978567429,124.66871977519538
114,0.033731705253930204,12.969972855490347,128.47554914641967
115,0.033076386154131575,12.920762851039013,126.30825131173025
116,0.032747261831956344,12.872558955971524,127.4915604096825
117,0.032564949004258874,12.826358071647425,133.04503310591497
118,0.03227924512186693,12.779021737870123,125.93557026299804
119,0.03219085705196587,12.732212684338338,127.16703140599257
120,0.03170683005363948,12.689114595747025,131.6813203154177
121,0.029719221119542578,12.646292276478995,127.36299858835112
122,0.02965456243931956,12.60220456762295,131.55307105436185
123,0.028768323807997,12.560621302018765,128.7065260808049
124,0.028279075287356528,12.518307862332248,123.78285171662284
125,0.02683922878218876,12.476684623063873,127.04342648235843
126,0.0265217363236293,12.43584658458907,130.11271094489078
127,0.026501362650990203,12.396225143183747,126.71376500458983
128,0.026349741236962033,12.355425538866003,127.42983126143272
129,0.026162560856294745,12.317667434945985,135.8678875336216
130,0.02588947696717098,12.27891266443924,128.31075402473797
131,0.02582313644161432,12.242197918699388,125.97041137946735
132,0.024116450207773237,12.20560394350967,127.11683135373937
133,0.024104434318987462,12.16953894537148,122.99153240066936
134,0.023858043198138525,12.133612334966408,125.02847022616807
135,0.023257548174779725,12.09821034699642,126.82695862199401
136,0.022283343145413307,12.0630593498225,124.92378176062093
137,0.021752148664213836,12.026587704495112,126.33039877967296
138,0.021482138234477866,11.991123567508188,128.64339403605157
139,0.02073997836502907,11.956599720523418,122.80085144712072
140,0.020551512977010116,11.922656593240088,127.3951934189914
141,0.02050539773069371,11.89068988047202,128.72521660197873
142,0.02030251924299904,11.857695219734394,123.33359208064773
143,0.020294311374336318,11.825735580665356,130.1404468586017
144,0.019727409873752145,11.794774880367985,125.29135282270637
145,0.01928698731294916,11.763864753686173,126.22977377330632
146,0.019037563558178226,11.734263909454995,129.25356580103661
147,0.01877539941365285,11.705991588424896,124.3008267944031
148,0.018612801619337618,11.6753491108988,128.9936530618844
149,0.018584905582059184,11.644148153194832,125.84293313347287
150,0.01825151407845471,11.61614365792669,129.84931367643279
151,0.018007637463345993,11.588958787774082,128.433559529708
152,0.01800498056939824,11.55919213998366,125.02785646911128
153,0.018004858091901534,11.531417640973284,130.01634739728055
154,0.01791623392103213,11.503663102655027,126.03516678149563
155,0.017471045844042146,11.475547966452014,124.92440903486005
156,0.017235752777261897,11.450307999531391,130.23835617951423
157,0.016784164318818108,11.423610440492066,129.56325136815968
158,0.016538135374684928,11.397949770735838,130.1070802740902
159,0.016509512620874033,11.371635871425859,130.85386080705936
160,0.01637658301078536,11.345655118873838,130.24260395680838
161,0.016111064936748024,11.31969863394733,125.17884459659666
162,0.015988059300750795,11.294825118641992,128.73275216057866
163,0.01597493439608287,11.27191324567221,124.62943751726357
164,0.01597493439608287,11.247566129569611,126.4957264310037
165,0.01584294827886108,11.223507878670391,130.77532220656488
166,0.015813129596500098,11.20045851536808,129.568303201127
167,0.015710871648475157,11.17770457364104,125.19631937006562
168,0.015710871648475157,11.155132548004651,131.7423706741604
169,0.01521736617758401,11.131505861249588,128.2618971008116
170,0.015216003810773475,11.10960023934471,132.18198327063686
171,0.015216003810773475,11.087644252110321,127.3042787485561
172,0.015216003810773475,11.066257618963222,128.88811943447598
173,0.015177740818149902,11.044691998635443,128.24924528066742
174,0.01510875440292659,11.0233604919318,127.50579711061573
175,0.014963547021052766,11.002550136004329,128.63903937867403
176,0.014963547021052766,10.984129986642,132.97970732051314
177,0.014412119183277443,10.96275295315252,125.55642218249268
178,0.01426293980804457,10.942785194367007,131.6261892879335
179,0.014010335743674851,10.922737202215021,131.8586409725614
180,0.014009835780559143,10.901725072112301,138.6410818305418
181,0.013923385431821818,10.881824455276622,127.97326169652574
182,0.013882829415901198,10.863324023022306,132.6335772976549
183,0.01388255866289067,10.84420717829304,126.4519835029408
184,0.013722576443877088,10.825381678665929,121.91047452674492
185,0.013722576443877088,10.80731150384361,127.57404027463382
186,0.013722576443877088,10.788784406766961,127.5289812203732
187,0.013514124401555113,10.769630532331547,122.97145935199546
188,0.013507222836586527,10.751029233633401,126.85389663730135
189,0.013480583647030642,10.73299099902185,124.83930496057812
190,0.013480583647030642,10.715053374873715,125.89891732034037
191,0.01333145947136316,10.69788010328414,131.30833604336115
192,0.01333145947136316,10.680002379378148,136.78856159271623
193,0.013322004588485944,10.663552841186082,137.23220567089518
194,0.013309371399938168,10.646345642290516,130.79369204577347
195,0.013267633780659812,10.627501160129373,130.1630315777442
196,0.012831646370202421,10.609801539215715,124.0367840394898
197,0.01261271656070253,10.593012575725421,125.36995033602261
198,0.012567576263566771,10.576763818497758,125.09140443666683
199,0.012567576263566771,10.559434780778245,127.52480314967421
200,0.012558678319685334,10.54302226170117,130.39338214750916
201,0.012555010950294054,10.526295181055122,128.82384568420588
202,0.012490687224390248,10.510157189038676,126.76220008154898
203,0.012362790158528014,10.495347350184254,126.67747212377888
204,0.012362790158528014,10.47914954615419,124.69795954236211
205,0.012362790158528014,10.463556086331348,132.2233790080637
206,0.012311747549917129,10.449006619966257,132.25460770826876
207,0.012229938169843753,10.434605341948702,129.26241612009395
208,0.012091803789291096,10.419302420691709,125.65576892223326
209,0.01207504147301653,10.4046440555438,128.41909966615637
210,0.011145368678258905,10.389665513225667,127.19626278595345
211,0.011102107895298967,10.37443566578102,126.61804753586722
212,0.01108201539156468,10.359474544695882,126.85551020560595
213,0.011080042654680374,10.346135528634454,130.75571060132287
214,0.010936731861592008,10.331216993196,126.17753071425851
215,0.010777255433605741,10.317018924347245,124.80948716692008
216,0.010773800356716734,10.303854898795077,121.75594601955524
217,0.010765525278449555,10.290482608605377,127.73724344703616
218,0.010725268677983735,10.276999035510302,125.38155524004635
219,0.010523705061155415,10.26396938932635,128.22579419420447
220,0.010041709772936376,10.251581262942604,130.17784606445304
221,0.010041709772936376,10.238834524737008,127.41876351855691
222,0.010028428848170633,10.225702054826002,128.6454192571975
223,0.010028428848170633,10.212315633148581,126.17531790590624
224,0.009977627433452459,10.198832242555811,131.11789273246444
225,0.009941238415087029,10.186632498783325,129.88645453246494
226,0.009780435984042057,10.173954655276232,132.64082107494553
227,0.00973062542642508,10.162282679199926,129.48265836244414
228,0.00969178385941915,10.150599940341872,130.66879747238335
229,0.00962109341057668,10.1397112907525,133.57211670200155
230,0.00952767459643192,10.128739246021315,136.16114683505177
231,0.00941399269900547,10.116593563646946,123.5547947234488
232,0.00939215762683651,10.105651930620429,131.28851033571468
233,0.009294656260649781,10.093491547160301,125.63104467741387
234,0.009294656260649781,10.081877189251795,136.19276597466566
235,0.00906056242935757,10.071160830228127,127.55126185509329
236,0.009045497010092874,10.05977710057059,126.42594615866292
237,0.008927842959024919,10.048638904748428,127.91827607646238
238,0.008907818436815755,10.037278287742676,122.50711239241792
239,0.008907818436815755,10.026199581048388,132.9670545741776
240,0.008907818436815755,10.014804812716683,125.24630360998844
241,0.00883720126721575,10.003861880403969,130.90503105937574
242,0.008788061143743182,9.994097924369948,130.62494821729598
243,0.008617117889925889,9.983382936117039,121.87659148127004
244,0.008617117889925889,9.97164528855671,123.61846154870031
245,0.008605102033659289,9.96031699230005,127.67355779509673
246,0.008427749698838008,9.948862584665351,127.30096212234606
247,0.008427749698838008,9.937710771364149,124.53572188369569
248,0.008427749698838008,9.927292309654804,133.21459991748083
249,0.008240218394118178,9.91697022887775,123.2825710626116
250,0.008139171457909574,9.906832516900524,134.34999839301054
251,0.00810726863347219,9.89707765460185,131.33620869457704
252,0.00810368347914127,9.887057107642903,130.0180889498511
253,0.008019890196063943,9.877115447950793,130.71538784452
254,0.007991730433996895,9.86804957355946,130.77665414600548
255,0.007925369200063355,9.85710542777749,126.71385158222613
256,0.007849870930201714,9.845689168850713,123.66069359990689
257,0.007800235384905996,9.835996999723045,128.57580431039082
258,0.007775541710019418,9.826269595822511,125.37397741075708
259,0.0077548328926214435,9.81666865319425,128.13856854455813
260,0.0076790650570394215,9.807527804995253,130.6714416812962
261,0.007620579837709999,9.797228539054247,126.55417192497225
262,0.007564579467510176,9.787281004822317,124.07760772780479
263,0.007564579467510176,9.777622142356469,123.99933948063627
264,0.007532398452256927,9.768174511968285,126.89054449581371
265,0.007532398452256927,9.75976485596289,125.7018256685233
266,0.007532398452256927,9.750149866401824,123.98878452134946
267,0.00709950076515741,9.741442498444075,127.59447412059234
268,0.007086747387110274,9.732635953250641,124.31859371114116
269,0.007086492487935558,9.723102281450542,121.82114875632304
270,0.00699104979524788,9.713549354781916,122.3914077375125
271,0.006783175803098255,9.705086904971886,129.12504628258048
272,0.006783175803098255,9.696000630823765,127.16076496593766
273,0.006687733110410576,9.687635712194059,124.44053227726818
274,0.006687733110410576,9.678667195205767,125.18300935912943
275,0.006687646572660988,9.670193088982794,128.17080650229155
276,0.0065574144796048724,9.661834939335817,128.9689907090573
277,0.0065574144796048724,9.652777264891188,123.38320596654619
278,0.006494282930319054,9.64419955507922,125.37831286297978
279,0.006494282930319054,9.635418539240645,129.54267938068995
280,0.0063223048623488156,9.626691858500731,128.17412907810487
281,0.006068646679943276,9.617252465387589,128.59292955785955
282,0.006068646679943276,9.608820827273323,130.91475388757684
283,0.006068646679943276,9.60209452057673,138.02258014147986
284,0.005932134341713002,9.594944683365089,128.42928589180502
285,0.0058698288580809905,9.587035085456625,126.32041425523343
286,0.0058496178718151865,9.579218149184323,126.65331693574619
287,0.005829112601209671,9.570849942419505,126.49367862514451
288,0.005744853934682995,9.562801747898208,121.99687133227106
289,0.005713732149580272,9.554483001649846,126.28621174610207
290,0.005713452809034377,9.545672786324861,129.55429867382983
291,0.005637546417370842,9.537540422399756,128.10420050709376
292,0.0055233818290705726,9.52952835198874,133.8734869435176
293,0.005388230769801971,9.522742895179826,131.2160392722868
294,0.005347008081918088,9.516453798892607,128.88095297783303
295,0.005313123109581141,9.509172798596994,127.82410247239493
296,0.005313123109581141,9.501790549182056,123.93385045235367
297,0.005313123109581141,9.494090527487357,127.78861796318054
298,0.005159963421187008,9.488478044857507,131.52820702093135
299,0.005139634778776585,9.481531417138921,129.67071493367274
300,0.005054708285127004,9.474437733470676,125.98355375220076
301,0.00504211769692855,9.467700963270067,123.2189971917214
302,0.00504211769692855,9.461066339866283,129.01573229725724
303,0.00493688252036056,9.45452212238971,131.18957835096302
304,0.004928696070851165,9.447283066077706,129.24409032900238
305,0.004928696070851165,9.440674445343099,135.41765638379255
306,0.00489122891791786,9.434624894925186,137.82173413019402
307,0.004878428251739623,9.42942224575308,135.58442998717032
308,0.004878428251739623,9.422631730503742,124.70023858856437
309,0.004875560032853166,9.41614824487188,128.21250857672564
310,0.004875560032853166,9.409669388874361,130.0838841370826
311,0.004875560032853166,9.403095349925865,130.86395169250875
312,0.004874593627688562,9.396089726875095,127.00189904719534
313,0.004853943547362209,9.389460647994689,127.13136571524817
314,0.004853943547362209,9.382637861042046,129.54602165886865
315,0.004851063695592473,9.375875193845365,128.62196220278355
316,0.004789854921557672,9.36919949868611,129.13828186518558
317,0.004789854921557672,9.362830439281772,128.04301386253317
318,0.004789854921557672,9.356442900062156,128.6008573209263
319,0.004784564518956991,9.34955095039177,126.5094193115706
320,0.004773519425242453,9.342730340222316,131.18833114846618
321,0.004700340615842198,9.33639342977731,129.865313442786
322,0.004683132770713172,9.330288550671952,130.0331821890664
323,0.004683132770713172,9.324576381634783,131.3614500000917
324,0.004682012154993783,9.317722160116778,130.58571115582492
325,0.004579794025153738,9.311444483857223,129.90707781241503
326,0.004579794025153738,9.305426406719477,124.93987495260401
327,0.004536747287994203,9.298543761646178,123.35102351433862
328,0.004497876791706013,9.292281081749378,128.40224821594464
329,0.004481917234924459,9.28617641023842,128.57226579432077
330,0.004447979432508417,9.280165086310854,129.42619748939111
331,0.004447979432508417,9.274234277940488,123.8175516167207
332,0.004411034333454526,9.268167152338501,128.6966514314943
333,0.004411034333454526,9.262191007395002,135.7783507892208
334,0.004411034333454526,9.256976347183633,126.33295332226027
335,0.004411034333454526,9.251084190708788,126.68559984978772
336,0.004411034333454526,9.245698922496926,131.2010407968457
337,0.004411034333454526,9.239768379445943,125.7463741741022
338,0.004411034333454526,9.233343574831254,126.8230108123548
339,0.004410341126783912,9.227104768792,125.67164686053921
340,0.004410154745049807,9.2219958090075,127.0764030031677
341,0.004407915002451546,9.216278301932048,125.71146896730185
342,0.00426941315539094,9.210586318742552,129.50635975563827
343,0.004164554539309388,9.204868079589808,129.92419023462617
344,0.004164554539309388,9.199911345780873,133.52199714040805
345,0.0041638346989672686,9.194975364727412,126.83223325159244
346,0.00416348780067981,9.190013448059805,128.6348119308874
347,0.00416348780067981,9.18510987172788,127.86666229159033
348,0.004139400395684767,9.178956776809041,127.79734995105618
349,0.004139400395684767,9.173742917269342,132.34968199527836
350,0.004139400395684767,9.169225723667926,136.93351016438083
351,0.004137407383805384,9.164375172684597,130.86595234008263
352,0.004094421152372677,9.159718261845752,128.4623624801341
353,0.003982359335811185,9.154504622808751,130.72547548585422
354,0.003966464237106907,9.149460649254694,131.14915977676827
355,0.003955127921873647,9.145061247395496,133.79074271954218
356,0.003942308244241843,9.139804584696504,128.78626266631372
357,0.003935597750382947,9.134731002173671,128.64605778980564
358,0.0037881823776580487,9.12980376725898,130.25218700686779
359,0.003788027766924351,9.124323231423283,132.93132629651802
360,0.0037824998318084133,9.120811920396497,135.67167002451524
361,0.0037824998318084133,9.115756000891432,137.6356640723836
362,0.0037663044990306816,9.111813701053576,130.91640165110803
363,0.0037519101925749254,9.106464006810901,130.61571139032807
364,0.0037478906918009852,9.10090018536562,130.8174163984323
365,0.003742553416789818,9.09575994628746,135.1615963531548
366,0.003742553416789818,9.090897858984162,131.6837495151012
367,0.003710544693083643,9.086206556436043,129.8856107657669
368,0.0037033204362299918,9.081268412627326,127.94815680449112
369,0.003698539628261936,9.076469642566254,131.0716966064608
370,0.0036867490978515606,9.072318116082918,129.3406137214911
371,0.003682220975705519,9.067543876683343,133.0337187407277
372,0.003682220975705519,9.062120138086952,129.42480427165813
373,0.003631458037449657,9.057445945204302,128.23285869176883
374,0.003631458037449657,9.053237222591529,132.65113037486643
375,0.003626226138008093,9.048926040217854,135.1860422661445
376,0.003622666061790151,9.044533338690865,129.79074907743305
377,0.003618423269949271,9.041058402676127,131.27006274881066
378,0.003606974959114003,9.036322638109585,126.98420591353708
379,0.00359550211674294,9.031443795713768,124.78861965341245
380,0.003591548702095319,9.02671424759547,123.17338046257757
381,0.003590649021081068,9.021939380709801,129.46476576208752
382,0.003590649021081068,9.01754865395842,124.58569837439312
383,0.0035609570356695502,9.013134292497424,122.69552459139939
384,0.0035381262870582,9.008462231935864,135.63457731100314
385,0.003499149181571622,9.004797315677198,130.24471419056573
386,0.003491595912087675,9.000239898345935,122.8725144012101
387,0.0034800146491644314,8.995690874786238,130.55589390636547
388,0.0034800146491644314,8.991332402030283,131.95390405323798
389,0.0034800146491644314,8.986714267441057,124.34350160177154
390,0.0034430614573760583,8.983188591836287,127.42724306097287
391,0.0034286620832210345,8.979475903196892,129.20521081187619
392,0.0033718588822760982,8.975568806705157,128.55149224807786
393,0.0033123727125542383,8.97101446352918,133.83408041060954
394,0.0033123335141892105,8.966492543778733,133.99502523055463
395,0.003191043693262034,8.9619829798401,127.24376230081906
396,0.0031902549264762213,8.959031154962398,127.67705184701097
397,0.0031902549264762213,8.955227409040946,123.80153417339302
398,0.0031902549264762213,8.950685434427687,126.87237299745647
399,0.003048616209872712,8.946477082887844,127.9299100281503
400,0.003048616209872712,8.942554315683463,127.27269852517249
401,0.0030239530081904204,8.938525506841222,130.5508038379134
402,0.0029721589012166186,8.934506846700737,128.45797710962344
403,0.0029661754055770356,8.930521152413455,128.7097274001305
404,0.0029661754055770356,8.926534918572624,131.098246529532
405,0.0029661754055770356,8.922296739514659,124.21928485850971
406,0.0029660148686267837,8.918539798909618,129.53769879944443
407,0.0029573183992328113,8.914059457219114,130.63154353368074
408,0.0029573183992328113,8.910167467663234,124.88204508633565
409,0.0029573183992328113,8.905907733836848,128.2756252197257
410,0.0029460954504256045,8.90204366957607,125.91218568006988
411,0.0029460954504256045,8.897799107199189,122.80294390954295
412,0.0029460954504256045,8.894081298541462,127.98406690032314
413,0.0029460954504256045,8.890151845180318,122.24503866213007
414,0.0029458912698370793,8.886603624444435,125.66984918824313
415,0.0028221648572229084,8.882965869930926,129.43820179131043
416,0.002821431754465979,8.878910802333321,126.70949010891442
417,0.0028191123701952017,8.87499904556112,127.21081343336027
418,0.0028191123701952017,8.871268079048013,136.03398803160653
419,0.0028191123701952017,8.867041010697493,129.72279816050283
420,0.0028191123701952017,8.86321171060046,125.41991673654206
421,0.002772187074537354,8.859703665304913,126.423761559456
422,0.0027663479099435525,8.856244248229974,127.87814443564456
423,0.0027663479099435525,8.852455702491103,131.11980882597376
424,0.0027651245545992965,8.84855643699372,128.30107100151506
425,0.0027496108395533626,8.844516569707597,124.64300527409894
426,0.00274428986461146,8.840708603499996,126.03133013348045
427,0.00274428986461146,8.836493374831516,126.34181923025304
428,0.0027301373459707773,8.832851935342438,135.1460275253445
429,0.002722227370721164,8.829745212320086,136.01775855349507
430,0.002705006541420237,8.827210938230492,134.95472688969696
431,0.002705006541420237,8.824175466114177,134.87806120341125
432,0.002705006541420237,8.821134697219062,131.40264447692394
433,0.002704996685969441,8.81849240678614,137.60866679000338
434,0.0026411589735538736,8.815097444468519,131.3448958258503
435,0.0025817301098346236,8.811582103002785,137.7300684544318
436,0.0025593985454950285,8.808065711784701,130.4869102121569
437,0.0025593985454950285,8.805638778992405,131.29735853493062
438,0.002460414463635156,8.802723911019752,136.0759419887755
439,0.002460414463635156,8.799364567444263,132.05018452393756
440,0.002454281318502183,8.79603939158381,125.60890130003926
441,0.0024515327841395872,8.792222098270035,127.31376986566427
442,0.0024515327841395872,8.788864010870366,133.43987512033237
443,0.002451531717345408,8.785655463031798,129.66269218640875
444,0.0024389487233319094,8.782794558748085,131.94798867587303
445,0.0024343177173915247,8.779832398455438,132.98687322387931
446,0.002431569183028929,8.775867200191048,129.60430355560536
447,0.002431569183028929,8.77248412267421,125.8308101955396
448,0.002431569183028929,8.770134459342897,134.24421195528248
449,0.0024164078906771043,8.766593216825385,126.59169261402452
450,0.0024164078906771043,8.763013042506511,129.2657712284021
451,0.0024164078906771043,8.759499224649902,126.57383687426773
452,0.002414529756545214,8.756120440953246,126.51247787451754
453,0.002356536032456387,8.753991782008232,130.3396919613285
454,0.0023336917247434624,8.750311006354233,115.73724100317897
455,0.0023028200701210367,8.747197786128522,130.3787227139852
456,0.002277453467727793,8.744389528941722,129.82120193887184
457,0.002274703761777985,8.741477063112123,131.13950512898515
458,0.002235433584894627,8.73846242750268,125.74304973678673
459,0.002235433584894627,8.735177071627508,131.1011039728923
460,0.002235433584894627,8.732324282018956,128.47731996794639
461,0.002235433584894627,8.729361881852434,126.69510007453955
462,0.002235433584894627,8.726058734415611,126.74543866776459
463,0.002231424851355849,8.72282097217987,127.5242626480148
464,0.002231424851355849,8.719794400521263,124.41328485988032
465,0.002231424851355849,8.716896329387938,129.66464858102424
466,0.002231424851355849,8.71384042243499,131.75395692085738
467,0.002189562118251942,8.710912726753277,128.4905004442773
468,0.002189562118251942,8.707612744051225,125.19901025577742
469,0.0021671255479756013,8.704546190562727,128.2133903218925
470,0.0021649557010203916,8.70142422727727,124.28954377712225
471,0.0021612319250957413,8.698553316474374,128.8612513461795
472,0.0021612319250957413,8.695607085918859,132.16598061695228
473,0.0021353629551881543,8.69289279994968,132.86445728322107
474,0.0021214677367447977,8.689944325220614,127.10597761963628
475,0.0021210152237116494,8.687713081666102,129.45888599553035
476,0.0021168205472199848,8.684510161653426,122.92025931036032
477,0.0021147739504676485,8.681360518327853,126.0763384259204
478,0.0021147739504676485,8.678376301605429,125.666920279307
479,0.0020514058552900966,8.676049039359206,129.71633881099044
480,0.0020425423403035953,8.674194242277261,129.37932653401785
481,0.0020425423403035953,8.671338352946558,126.03457054285967
482,0.0020425423403035953,8.668078696631211,131.69800027999185
483,0.002032574163464377,8.665196527369865,128.83400391685845
484,0.002032574163464377,8.662394376083007,123.971826509731
485,0.002031871827478267,8.659759848167358,126.87926688065684
486,0.002010653411616007,8.656963218169965,128.03768152958142
487,0.002010653411616007,8.653969068402793,123.58575181046079
488,0.002010653411616007,8.651390432754846,124.37329682220111
489,0.002010653411616007,8.648649103510495,126.58629166638407
490,0.0020005291830716607,8.645838860317651,127.17500617820609
491,0.0020005291830716607,8.643057179498447,127.7192509858528
492,0.0020004043238248076,8.640786964869688,128.37323683328182
493,0.0020004043238248076,8.637963165588127,127.1395005583808
494,0.0020004043238248076,8.63514937357892,125.37533865758715
495,0.0020004043238248076,8.632438965406225,130.44277962209918
496,0.002000166300382074,8.629594398872351,132.34090917506325
497,0.002000166300382074,8.627066432656356,136.00325033179962
498,0.002000166300382074,8.624442194736645,134.88953141260984
499,0.002000166300382074,8.622967388158406,139.20281100665574
500,0.002000166300382074,8.620215546608419,128.95724540085544
501,0.0019932670948779336,8.617561841369813,126.98840076690409
502,0.0019744973501422793,8.61470779212723,131.55118643166995
503,0.0019599384662848016,8.61271256938205,135.46574577101237
504,0.0019599384662848016,8.61020583578692,130.55599809101633
505,0.0019593661876806225,8.607869490548657,122.97106524071128
506,0.0019507289823804304,8.605213399661165,131.5182201537579
507,0.0019288727704954193,8.60273791259803,136.75781758510973
508,0.0019288727704954193,8.60026471276049,130.98347135544896
509,0.0019288727704954193,8.598286187932167,137.17043400557756
510,0.0019267796938101137,8.596354747983254,133.6279589599884
511,0.0019260642688760043,8.594453133393364,133.10621148545496
512,0.0018844509164548384,8.592586993908856,129.8383990601527
513,0.0018844509164548384,8.590352458099364,128.7274367591139
514,0.0018844509164548384,8.588188067312366,136.4467504816234
515,0.0018844509164548384,8.585766916825639,127.92534260685193
516,0.0018794452922924402,8.58323405666226,127.51654365100791
517,0.0018732962955710993,8.580940570550412,126.31484775337621
518,0.0018732962955710993,8.57869357387428,135.01726338409853
519,0.0018586974008586072,8.576477465038101,127.50195799938827
520,0.0018586974008586072,8.573972538202788,129.00593598648788
521,0.0018579067039953638,8.571059168367473,127.47729452044182
522,0.0018579067039953638,8.568703293517382,133.85256104313206
523,0.0018579067039953638,8.566689769193893,138.50328808125292
524,0.0018579067039953638,8.564218570361342,128.51842492232234
525,0.0018579067039953638,8.562076839080303,124.5388380703361
526,0.0018579067039953638,8.559800948723723,125.63381275921869
527,0.0018579067039953638,8.557238316755619,124.82341270576926
528,0.0018579067039953638,8.554831844074817,126.19495118826549
529,0.0018284566970772668,8.55214462780607,126.88540763470505
530,0.0018284566970772668,8.54957968302888,133.4712415468636
531,0.0018284566970772668,8.547624633229542,131.13223123458732
532,0.001826233095121547,8.54534559429261,129.51936050421787
533,0.001826233095121547,8.542898679855586,126.30042372903436
534,0.0018060491965181077,8.540479609879524,126.90130819892975
535,0.0017726330537897776,8.538425160978376,134.25487523092474
536,0.0017564139576415154,8.536210070489227,130.0174597856395
537,0.001744348150119457,8.53431177509991,130.3812779364566
538,0.0017367996699580483,8.53231734460732,125.25900005583125
539,0.0017367996699580483,8.529758395685482,136.93668437664343
540,0.0017278318153734892,8.527602196583453,129.71527216000152
541,0.0017278318153734892,8.525178097851017,128.7189652171496
542,0.0017199775046334409,8.523275972079174,127.91144396028479
543,0.0017084709553698118,8.521563251165611,129.98228137940333
544,0.0016492934085470404,8.51977798244381,132.2570236724371
545,0.0016492934085470404,8.51770429307278,133.64358431193224
546,0.0016475611317444462,8.515524464687752,134.98098899322628
547,0.0016388720665008922,8.513674567937786,135.32051827480458
548,0.0016306721026515091,8.511755282612178,130.91965288334825
549,0.0016306721026515091,8.510515925110525,131.38914295534425
550,0.0016271012475663463,8.508524062499976,124.89868644205649
551,0.0016250980315732021,8.506383610325846,121.63557281500229
552,0.0016250980315732021,8.504490751990897,129.00793417359742
553,0.0016250980315732021,8.502442442507652,128.37390040126425
554,0.0016250980315732021,8.500577095213973,135.7455256741329
555,0.0016250980315732021,8.498673720458536,126.74152596887821
556,0.0016250980315732021,8.496572134701097,128.57906944510933
557,0.0016221655197805754,8.494162063586948,128.90526792868326
558,0.0016221655197805754,8.492254085567366,130.91945653395786
559,0.0016221655197805754,8.490532830332866,131.9777054832789
560,0.0016221655197805754,8.488532765302661,133.17141968668918
561,0.0016221655197805754,8.48608358659045,123.70836875986261
562,0.0016221655197805754,8.483362869216318,127.47695196117691
563,0.0016128807075588725,8.481129688079262,127.41648451557121
564,0.0016128807075588725,8.479100250427715,127.8269014914018
565,0.0016128807075588725,8.476995349038793,129.5002631737102
566,0.001612098808313552,8.475490463339433,130.1898084731579
567,0.0015966958016692936,8.47320143784462,131.27108187727035
568,0.0015966958016692936,8.471228338817154,123.91285511767215
569,0.0015581014454009315,8.468893174281769,123.08423323406774
570,0.0015581014454009315,8.466889486497156,125.80067219628855
571,0.0015558534903484873,8.464222257160014,126.7374413164745
572,0.0015558534903484873,8.462219385160104,130.1227116510751
573,0.0015558534903484873,8.459807776033264,131.38961752646446
574,0.0015558534903484873,8.457680970084596,137.20519876244586
575,0.0015553451897525625,8.456513543402028,140.90704017921541
576,0.0015542593852050147,8.455220935285874,142.48211099423787
577,0.0015519362208483046,8.453690934652768,135.47362122843012
578,0.0015519362208483046,8.451782510773656,127.8284458806308
579,0.0015519362208483046,8.449734672536675,131.36385320800545
580,0.0015519362208483046,8.447414168695962,129.62973061759422
581,0.0015489446873954667,8.445760807082463,135.09517634506582
582,0.001544973780337955,8.444116649042757,125.91867166303656
583,0.0015140854060997336,8.442199514880274,126.32899838727518
584,0.0015023199169943288,8.440032750628154,126.51366309344576
585,0.0015023199169943288,8.438164816557002,122.75407677315046
586,0.0015022456877604876,8.435960378013224,126.81296725739867
587,0.0015000454073110347,8.434193840701928,125.21164600652328
588,0.0015000454073110347,8.432682734395458,125.54238437290199
589,0.0015000454073110347,8.430684631193698,126.29455271470002
590,0.0015000454073110347,8.428525037252268,122.33930926341766
591,0.0014961724678952256,8.42641086916518,132.85143286464145
592,0.0014547265429996515,8.424421496031252,125.06574448303773
593,0.0014547265429996515,8.423031478018567,127.50467294519399
594,0.001453656618924685,8.421530521551025,133.92642900862137
595,0.0014441301730913735,8.41977444482558,128.77883878036317
596,0.0014280248953077409,8.417562929614425,122.81533622692368
597,0.0014280248953077409,8.415760587605487,134.34494384457554
598,0.0014156898956947236,8.413878351572604,132.23094834618925
599,0.0014151069938476367,8.41197062692279,128.35976959877982
600,0.0014124929214721859,8.410181511506327,125.27191054696671
601,0.0014124929214721859,8.408448373650359,133.11605738265155
602,0.0014124929214721859,8.406369476288882,126.63109861996928
603,0.0013935476546619086,8.405074571368052,128.64414939216914
604,0.0013923524395099325,8.403586743701103,129.79727286017572
605,0.0013923524395099325,8.401430204194808,125.37689280879177
606,0.0013923524395099325,8.399657077727175,123.82543273995606
607,0.0013923524395099325,8.397693556781824,134.06996752840362
608,0.0013843270004631,8.395848810828326,131.2122273838439
609,0.0013843270004631,8.394684325345048,137.52359934270535
610,0.0013541505763463727,8.393290916480336,138.4404280487128
611,0.0013541505763463727,8.391613312178098,135.78756938470121
612,0.0013541505763463727,8.391051760498076,139.56425079428294
613,0.0013482717864314727,8.389691098396883,139.2749244417162
614,0.0013482717864314727,8.38857897783047,138.3322510422661
615,0.0013434844930660717,8.386973199599911,130.06624233531804
616,0.0013362793951764947,8.385656707868522,136.101825206346
617,0.0012582356086401347,8.38444777927401,133.88031054432824
618,0.0012582356086401347,8.382629671711394,142.4136223989549
619,0.0012531111905399682,8.38064753785125,130.8336681663037
620,0.0012459060926503914,8.379205092423506,134.17317413578652
621,0.0012394667482374425,8.377743443526667,132.11973010771072
622,0.0012303241081675982,8.376537853352591,132.74702708405457
623,0.0012303241081675982,8.374882343074159,133.17963674152935
624,0.0012303241081675982,8.373320799931756,128.69337208983086
625,0.0012303241081675982,8.371960887878812,130.89752241174327
626,0.0012154973422423628,8.370566732097338,135.51628337348723
627,0.001204722830045076,8.368525505618836,131.06021526967245
628,0.0011892624177426351,8.366805842141337,125.12187999146944
629,0.0011889047059498855,8.364879261270316,129.6724127371327
630,0.0011889047059498855,8.36330607847651,130.82653911896676
631,0.001162519778406453,8.361692404446549,124.24540149849618
632,0.0011624777732316478,8.360522449973876,129.2262371869445
633,0.0011624777732316478,8.358682735664054,121.3889578959304
634,0.0011624777732316478,8.356821548583987,124.47394135908462
635,0.0011624777732316478,8.354926410727687,129.28949459543333
636,0.0011624777732316478,8.35289846429412,123.71972266883178
637,0.0011578627303032126,8.351066202717492,128.42508496250906
638,0.0011578627303032126,8.349041599957296,126.6355031679073
639,0.0011578627303032126,8.347418842529313,128.10858752203555
640,0.0011578627303032126,8.345825335672233,125.12318182547256
641,0.0011578627303032126,8.344271723287251,129.98811337051228
642,0.0011552727621064443,8.342632240912389,130.05510027704116
643,0.0011552727621064443,8.342040010915492,140.1564008034535
644,0.001112687039389352,8.340812798237526,135.47653950327677
645,0.001112687039389352,8.338984644447642,128.9390294188957
646,0.0011122564780099728,8.337556049804004,133.69281997493331
647,0.0011122564780099728,8.336330315081078,135.42926623389374
648,0.0011122564780099728,8.334677377711248,132.1132516088635
649,0.0011122564780099728,8.333150952685651,126.65914147484798
650,0.00110572032366593,8.33131515321561,126.46502038454403
651,0.00110572032366593,8.32980896844385,124.87263109769363
652,0.00110572032366593,8.328101510821897,122.55747608942366
653,0.0011053940098981012,8.32658616242755,125.83333691916174
654,0.0011053940098981012,8.324859597937664,122.23046676642672
655,0.001098273235059466,8.323281288962358,124.35399473472857
656,0.0010923313279265065,8.321533705539178,121.36643476925327
657,0.0010923313279265065,8.320285267152464,127.77467673916766
658,0.0010923313279265065,8.318494790898901,123.15491398263137
659,0.0010923313279265065,8.316829795408383,126.08864101570211
660,0.0010400052327548556,8.315105813719656,123.48995591823625
661,0.0010398017068563802,8.313359516505443,129.91541535369078
662,9.971241265483617E-4,8.311625047819772,129.90638477153112
663,9.971241265483617E-4,8.309901754561205,135.0819078586432
664,9.971241265483617E-4,8.308289697927938,134.33641515930807
665,9.971241265483617E-4,8.307184868178938,140.58356183389807
666,9.971241265483617E-4,8.30572988909592,133.53407296102606
667,9.423414572096316E-4,8.304951939385473,129.98015708309183
668,9.423414572096316E-4,8.303652981005605,130.42521261153325
669,9.423414572096316E-4,8.301854097990994,124.65235456340719
670,9.396308713212657E-4,8.300397494408994,130.8118025118923
671,9.396308713212657E-4,8.298997710583823,138.4808708429731
672,9.386620732183104E-4,8.297737094943672,132.0286804972592
673,9.372646341135512E-4,8.297126494232293,138.25543706429488
674,9.372646341135512E-4,8.296474950563427,142.75329138220198
675,9.372646341135512E-4,8.295359954976192,139.75360697874694
676,9.372646341135512E-4,8.294153603034355,131.83372179359168
677,9.372646341135512E-4,8.292966591027149,130.39850166670115
678,9.372646341135512E-4,8.291608663938423,131.66944285094198
679,9.207608983602474E-4,8.290578958725435,132.44619607036825
680,9.207608983602474E-4,8.289493779816594,132.10345809794762
681,9.201894829841943E-4,8.288562184215838,132.2207867043581
682,9.201894829841943E-4,8.287108771554584,124.4016064980873
683,9.201894829841943E-4,8.285831285221565,129.46146825899487
684,9.199661471724833E-4,8.284224800669985,127.37402622165311
685,9.195822833707012E-4,8.282891110113841,132.43231693342943
686,9.195822833707012E-4,8.281639299305317,134.93721282967695
687,9.195822833707012E-4,8.280569155571749,132.1271485071107
688,9.195822833707012E-4,8.278984862691926,140.35784476978716
689,9.195822833707012E-4,8.277902533015451,136.70519663975864
690,9.195822833707012E-4,8.276900485210861,129.16674030087708
691,9.190291735344876E-4,8.275994583400998,133.45549516472093
692,9.190291735344876E-4,8.274307378267741,131.68548241153832
693,9.190291735344876E-4,8.273006660698057,130.06695972052552
694,9.190291735344876E-4,8.271669670537188,133.6667283324813
695,9.190291735344876E-4,8.270652744239452,131.45214193537413
696,9.186849391283521E-4,8.269027810186408,129.29892266892276
697,9.186849391283521E-4,8.26741330717178,131.18877145614843
698,9.186849391283521E-4,8.266092170011806,132.71483149441096
699,9.186849391283521E-4,8.265133425100645,136.5961768453777
700,9.186849391283521E-4,8.264487350889304,138.35855836895013
701,9.186849391283521E-4,8.263835401969422,139.86776310677394
702,9.173380518790353E-4,8.263085421844377,134.82706054859997
703,9.137520807299755E-4,8.262174877712267,130.50652396789144
704,9.137520807299755E-4,8.260650413211907,127.99137923302376
705,9.137520807299755E-4,8.259870708085467,139.7364071572091
706,9.137520807299755E-4,8.258290730622392,131.91777495197076
707,9.137520807299755E-4,8.256889024354368,131.673440271886
708,9.137520807299755E-4,8.2553847917523,127.06596735136203
709,9.137520807299755E-4,8.254206370624967,128.08648314113333
710,9.137520807299755E-4,8.252954756465485,125.04767133324808
711,9.116611849002847E-4,8.251614834335179,126.29166039986252
712,9.080608903095921E-4,8.25039615451809,128.67756888791988
713,9.080608903095921E-4,8.249230227774381,134.3855466042628
714,9.080608903095921E-4,8.248269900327893,127.77013015659585
715,9.080608903095921E-4,8.246880403186703,130.80270194351797
716,9.080608903095921E-4,8.245412490863384,130.77649491543934
717,9.080608903095921E-4,8.243651625281906,128.2192912102842
718,8.997483153246222E-4,8.242666882541746,131.64518446553976
719,8.997483153246222E-4,8.241867801296507,128.0844586042513
720,8.961980255232167E-4,8.24063216298739,129.54466193181443
721,8.961980255232167E-4,8.239883143646537,126.13522216038427
722,8.961980255232167E-4,8.238588464244572,128.84320610609308
723,8.961980255232167E-4,8.237589674630803,134.57791814904556
724,8.945110454749402E-4,8.2367679189247,130.80429751580277
725,8.945110454749402E-4,8.235045740409477,125.30595919865996
726,8.916078065189126E-4,8.233735335326307,125.3461572456027
727,8.770714619748432E-4,8.232657568372325,133.19921394085458
728,8.770714619748432E-4,8.231748445378408,133.2005419727806
729,8.770714619748432E-4,8.230578028050894,128.26072898377672
730,8.756076527571229E-4,8.229713690801063,137.06639212382117
731,8.756076527571229E-4,8.228509690486263,131.16691838211537
732,8.756076527571229E-4,8.227151453222495,132.47838108108445
733,8.324206852244368E-4,8.226438206336677,135.22248682194927
734,8.324206852244368E-4,8.225348021319437,128.65777770030718
735,8.324047360778408E-4,8.224621933531951,127.65853763365128
736,8.316268399888453E-4,8.223529749090797,123.67393971231931
737,8.316268399888453E-4,8.222133222741531,132.79850644891462
738,8.202177362828541E-4,8.221059754774759,134.0909261288086
739,8.202177362828541E-4,8.219730564891998,131.51433501961662
740,8.202177362828541E-4,8.218376978238341,128.13285967685812
741,8.202177362828541E-4,8.217127503518771,136.3409861398251
742,8.06553321457019E-4,8.21598855063986,127.4277071930011
743,8.04555590167233E-4,8.214697046644826,134.9784260143957
744,8.04555590167233E-4,8.213872067215867,138.41859811761398
745,8.04555590167233E-4,8.212338703928769,135.58894776780278
746,8.04555590167233E-4,8.211260631442823,132.30509732447987
747,8.04555590167233E-4,8.210357048456936,136.09385227593575
748,8.04555590167233E-4,8.209054252417484,127.25975298628431
749,8.044871308325578E-4,8.207913946462712,136.99819033168154
750,8.032796279571504E-4,8.207100397838216,131.03739505671916
751,8.022587373163858E-4,8.206206063354648,136.135629086847
752,8.022118923581326E-4,8.205248139579478,129.57074549726931
753,8.022118923581326E-4,8.203853156945785,132.16558847041435
754,8.022118923581326E-4,8.202821658532729,126.70629347097959
755,8.022118923581326E-4,8.20154249580941,128.14831176245764
756,8.021995270666456E-4,8.200505306987546,129.53477508752127
757,8.021995270666456E-4,8.19925421415104,134.59526590370564
758,8.005502970228544E-4,8.197981611157493,132.53747045620995
759,8.005502970228544E-4,8.197117970401525,136.08760705287128
760,8.004559965720285E-4,8.196689633315524,138.8842514776099
761,8.004559965720285E-4,8.19601169652153,128.59420612803225
762,8.004559965720285E-4,8.195430135346594,130.13995732673138
763,7.933287745412206E-4,8.194262933847192,129.47294198198244
764,7.932344740903947E-4,8.19334154755477,130.30848921642388
765,7.932344740903947E-4,8.1923940889642,126.03051262963443
766,7.932344740903947E-4,8.191237528642613,126.29576580553963
767,7.932287497657952E-4,8.189852111881866,128.8692908669221
768,7.932287497657952E-4,8.188604537769908,130.64133671178698
769,7.775242173196399E-4,8.187822530138913,136.4631451691757
770,7.630759606536586E-4,8.187276717418737,137.93910927979772
771,7.630759606536586E-4,8.186789036621034,136.61843384543852
772,7.589635936617729E-4,8.185618580022732,131.57945216692633
773,7.530821327678793E-4,8.184794524479225,136.40604026794838
774,7.530821327678793E-4,8.184178956555417,136.19496326583715
775,7.530821327678793E-4,8.183072705072936,124.0363891308372
776,7.530821327678793E-4,8.181714003683275,122.91782780617504
777,7.530821327678793E-4,8.18042976502804,126.77930983946936
778,7.530821327678793E-4,8.17940475843637,126.47240490698582
779,7.530821327678793E-4,8.178073142193183,130.8895143557235
780,7.530821327678793E-4,8.177129412701838,123.41677394300754
781,7.530821327678793E-4,8.176051936870346,127.91451494362781
782,7.530821327678793E-4,8.175141418191446,130.1716003162664
783,7.530821327678793E-4,8.174019653736293,129.2244036742986
784,7.530821327678793E-4,8.172833351163215,135.06165896138216
785,7.527576445394738E-4,8.172065447179632,129.14004541440644
786,7.524965607755026E-4,8.171189848275171,125.66191193536271
787,7.524965607755026E-4,8.169855057185428,126.90326748319094
788,7.524965607755026E-4,8.168642950428309,134.87110488009048
789,7.524965607755026E-4,8.167513391075342,125.75891376875464
790,7.50490297775978E-4,8.166919496184004,135.0721926348215
791,7.440431598233488E-4,8.166096134564208,133.09421340860894
792,7.440431598233488E-4,8.165339421718926,132.12372647835252
793,7.413784106212517E-4,8.164366016284639,129.92247139922557
794,7.413784106212517E-4,8.163595593084217,129.58907569089143
795,7.413784106212517E-4,8.162781625149977,125.38573700721832
796,7.413784106212517E-4,8.1614656973541,127.48988539605665
797,7.413784106212517E-4,8.16041518879333,125.29781724977279
798,7.279176967988595E-4,8.159315785683884,134.94947482939423
799,7.279176967988595E-4,8.15837556391322,137.73972292876198
800,7.279176967988595E-4,8.157568586463848,133.88424302705002
801,7.276827715981445E-4,8.15690810211506,136.5545072530579
802,7.276827715981445E-4,8.156050448177902,133.10081839725686
803,7.276827715981445E-4,8.155046138289878,129.09517964573817
804,7.276827715981445E-4,8.153973684977386,129.230599740185
805,7.276827715981445E-4,8.152932981926105,130.13541199366074
806,7.276827715981445E-4,8.151871588640505,132.39432179859133
807,7.276827715981445E-4,8.15125975390045,128.34800325724967
808,7.267655772828026E-4,8.150439088285069,130.16470543854896
809,7.266639454577135E-4,8.149427804441025,127.51453625943546
810,7.266639454577135E-4,8.148455715397327,129.51426792523057
811,7.266639454577135E-4,8.147876151713193,135.99325334085532
812,7.266639454577135E-4,8.147387610959276,131.1604315222876
813,7.228532064418758E-4,8.146327909282649,127.44344467391714
814,7.226381898535195E-4,8.145265671579255,125.77516765396791
815,7.181071698311688E-4,8.14416401338579,127.05327528951914
816,7.116330564456893E-4,8.143246264197412,128.6417890171188
817,7.116330564456893E-4,8.142384716042603,131.06508030982633
818,7.116330564456893E-4,8.141818530094891,126.67328249601943
819,7.116330564456893E-4,8.140656991217766,129.57129535280833
820,7.082980707716402E-4,8.139871176905393,130.13817868420955
821,7.082980707716402E-4,8.138800248923722,125.94932842162943
822,7.060676553014271E-4,8.138099301552389,135.67731446728428
823,7.060676553014271E-4,8.138100177945795,140.37849411106467
824,7.053815553563325E-4,8.137302232216747,127.35399446583405
825,7.053815553563325E-4,8.136084515837114,130.56541424774755
826,7.038652820288741E-4,8.135175649627259,132.41901555623355
827,7.038652820288741E-4,8.1344258555509,143.20610633260014
828,7.027023538819677E-4,8.13373539807907,134.08968994407044
829,7.013984820256169E-4,8.13277394378804,131.2651294950489
830,7.013984820256169E-4,8.13245086822066,133.63861913243608
831,6.987814310202012E-4,8.131784894513247,135.230762825937
832,6.962373560108759E-4,8.13085851009344,130.49720403217245
833,6.962373560108759E-4,8.129903842042562,126.64081791042666
834,6.920780872252526E-4,8.128891998637751,132.3704295815918
835,6.879261656422979E-4,8.128086249845856,131.44288618099256
836,6.879261656422979E-4,8.12737565492346,129.62652871296157
837,6.876788871679788E-4,8.126427188826815,126.57919743362045
838,6.876788871679788E-4,8.125231599890837,123.13120583284267
839,6.864646353834066E-4,8.124511870484017,133.25430360488977
840,6.864646353834066E-4,8.123646638474353,126.53676253534513
841,6.858496670188785E-4,8.122570816996701,126.68816004686985
842,6.831980014636585E-4,8.121358339099057,129.761001886187
843,6.831980014636585E-4,8.12048780112521,123.76348791618499
844,6.820705881867894E-4,8.119477097793817,131.85311664642649
845,6.820705881867894E-4,8.118398078465882,127.80191613957646
846,6.814556198222614E-4,8.117495435262192,125.08033575414242
847,6.741867453765001E-4,8.116540098266402,126.35643266615824
848,6.741867453765001E-4,8.11554802359492,123.8094805663122
849,6.729627130857452E-4,8.114622991885474,128.53081943346035
850,6.698048104439043E-4,8.113413422701845,122.9485266491573
851,6.695396979141677E-4,8.112388503536408,129.28287969336867
852,6.695396979141677E-4,8.111480416082163,127.09622296566604
853,6.695396979141677E-4,8.1104178319837,131.45688350459568
854,6.695396979141677E-4,8.109501303499238,129.6126795488496
855,6.695396979141677E-4,8.108503726255599,124.38168187135628
856,6.695396979141677E-4,8.107428952968993,135.14353393379633
857,6.695396979141677E-4,8.106508920610631,131.23938069014147
858,6.695396979141677E-4,8.105620447768063,129.8717157279021
859,6.695396979141677E-4,8.104717493774832,132.3362546897667
860,6.689110026454041E-4,8.103945556885586,133.17926240778732
861,6.689100865914455E-4,8.103147574451402,128.21014290883858
862,6.689100865914455E-4,8.102354702342952,131.8093380022661
863,6.689100865914455E-4,8.101956051896801,138.6869381578663
864,6.342666244596155E-4,8.101463467698107,132.53039330932833
865,6.342666244596155E-4,8.100623795191032,133.23772822042196
866,6.342666244596155E-4,8.099876944243254,130.15651072912905
867,6.342666244596155E-4,8.099340224901377,130.79177458123183
868,6.336178668201242E-4,8.098436698389834,122.05909724008698
869,6.336178668201242E-4,8.097598346205372,131.31944827922476
870,6.327458422831592E-4,8.09673480288322,133.56464587981375
871,6.327458422831592E-4,8.096007736023305,134.78016486950605
872,6.277326228182408E-4,8.095529617322802,127.81197981165386
873,6.277326228182408E-4,8.094442427913359,125.87437476201741
874,6.277326228182408E-4,8.093723028635711,134.70986405694
875,6.277326228182408E-4,8.092820352362496,127.16699879296067
876,6.277326228182408E-4,8.092061987513137,125.38265120655774
877,6.251451502900925E-4,8.091377851156341,127.42441227764674
878,6.242025045358091E-4,8.090623075224677,128.7922452768525
879,6.091656369931069E-4,8.089813704249945,129.98314796793008
880,6.091656369931069E-4,8.088772507881037,129.9553831999602
881,6.091656369931069E-4,8.087830364755217,131.85283226256058
882,6.091656369931069E-4,8.087449709014562,132.21498245983298
883,6.091656369931069E-4,8.086648307474228,124.12917865275259
884,6.091656369931069E-4,8.08578376742849,130.1130153736688
885,6.091656369931069E-4,8.084733712124544,121.00142442031323
886,6.091656369931069E-4,8.083925174829321,130.22593283595606
887,6.084204897939334E-4,8.082989461339281,118.86097276364194
888,6.078165503970704E-4,8.081989219585747,128.81316249489805
889,6.045107050521636E-4,8.081300294569258,127.90012356142897
890,6.045107050521636E-4,8.08041800678837,126.92808001555652
891,6.031831569828228E-4,8.079585335765678,131.5564305379571
892,6.031831569828228E-4,8.078785377843248,135.904549235963
893,6.031831569828228E-4,8.078132390407173,138.2885967792753
894,6.031831569828228E-4,8.077979982552067,141.22507346636203
895,6.031831569828228E-4,8.077675372446256,135.05939477370825
896,5.950324739252722E-4,8.076789320455322,127.8819181202646
897,5.950324739252722E-4,8.076232624775724,129.02508787587266
898,5.94331048195329E-4,8.075255461537111,131.29346013932965
899,5.902548223950532E-4,8.074316888522727,130.38262057689067
900,5.902548223950532E-4,8.073427742903615,134.00241742582674
901,5.902548223950532E-4,8.073298742310685,143.84376224547907
902,5.902548223950532E-4,8.072609565193702,132.5187822497547
903,5.902548223950532E-4,8.071470279785371,123.33616107673457
904,5.902548223950532E-4,8.070588721561522,125.75354064690646
905,5.902548223950532E-4,8.069824563102669,132.542624605073
906,5.893550321466989E-4,8.069025115463235,138.59476974835212
907,5.880962461188706E-4,8.068274836245774,133.43478933629268
908,5.880962461188706E-4,8.068442053089855,142.6961740342282
909,5.880962461188706E-4,8.06791493095264,135.61677996665523
910,5.880961260281481E-4,8.067304254432504,131.54829888250094
911,5.880961260281481E-4,8.06659787611277,126.00939090076169
912,5.879346260961426E-4,8.065874720442137,133.17459069530503
913,5.879346260961426E-4,8.064927322647703,122.46486548852586
914,5.879346260961426E-4,8.06419517149788,132.18316755018043
915,5.879011987128517E-4,8.06343003241176,130.9686049822355
916,5.879011987128517E-4,8.062567187751316,127.1837972504362
917,5.879011987128517E-4,8.061760429803677,133.02868670263263
918,5.879011987128517E-4,8.061207918104374,134.0413668211376
919,5.879011987128517E-4,8.060794246702434,133.31299611777942
920,5.877265079044254E-4,8.060199614655689,133.0758142804772
921,5.877265079044254E-4,8.059712364478463,131.40267096065566
922,5.873457884759385E-4,8.058902811770196,127.16702726762105
923,5.873457884759385E-4,8.058118383360318,126.70276317311696
924,5.873457884759385E-4,8.057279003757165,126.93514029520641
925,5.873457884759385E-4,8.056234527346678,121.89243840468731
926,5.873457884759385E-4,8.055313356992913,123.57770002067623
927,5.873457884759385E-4,8.054426589990351,128.64046200001266
928,5.873457884759385E-4,8.053805008477736,132.38183802950178
929,5.873457884759385E-4,8.052880914599845,127.6572079942389
930,5.873457884759385E-4,8.051924853321612,126.3074515288865
931,5.873457884759385E-4,8.05087837789614,127.05631280376174
932,5.873457884759385E-4,8.050160423693702,127.53831444102703
933,5.873457884759385E-4,8.049284610807485,136.78962876073274
934,5.873457884759385E-4,8.048966756638773,139.61995886003538
935,5.873457884759385E-4,8.048402679660523,129.6993071053749
936,5.873457884759385E-4,8.047881529806821,130.5306103379492
937,5.873457884759385E-4,8.047022979138324,129.27200397922573
938,5.871881093974925E-4,8.046090014151988,127.02500604000151
939,5.844488403896027E-4,8.04522973886696,123.89242916166238
940,5.844488403896027E-4,8.04425249053643,125.49721785844837
941,5.844488403896027E-4,8.04359353769301,126.02959491719452
942,5.844488403896027E-4,8.04269947063677,128.11614547614414
943,5.844488403896027E-4,8.042011552165492,125.80041191534696
944,5.844488403896027E-4,8.041243416972817,128.1960002319324
945,5.844488403896027E-4,8.040317128828852,126.83662508452653
946,5.830444026222163E-4,8.039729041547103,131.7352234038905
947,5.830444026222163E-4,8.038720114934556,125.19138892722222
948,5.830444026222163E-4,8.037743581611021,127.9938802438671
949,5.830444026222163E-4,8.03696184387015,133.93625657252494
950,5.830444026222163E-4,8.036269636110353,139.61151363324032
951,5.830444026222163E-4,8.03608372978361,138.56984778757334
952,5.830444026222163E-4,8.035783885708975,130.22192909424209
953,5.830444026222163E-4,8.035309766479207,131.14992645354215
954,5.827991538946975E-4,8.034700940299327,122.40834665622154
955,5.827991538946975E-4,8.034156777788919,127.27618300475561
956,5.772843671457176E-4,8.033314792491446,123.50898689034236
957,5.772843671457176E-4,8.032365817637308,130.4626415660465
958,5.772843671457176E-4,8.031490024621311,124.2813081992306
959,5.772843671457176E-4,8.030660900664593,123.76572892189996
960,5.772843671457176E-4,8.02987597475285,127.20187028891823
961,5.772843671457176E-4,8.029065444082361,125.24670423593314
962,5.772843671457176E-4,8.028451872178293,131.72030971060596
963,5.761073429496833E-4,8.027792872239209,138.84224207015995
964,5.761073429496833E-4,8.027352334376927,138.77435380154398
965,5.761073429496833E-4,8.027522361727163,139.5864383674665
966,5.761073429496833E-4,8.026991718429988,137.4341351352636
967,5.761073429496833E-4,8.026268569714189,132.26448269554055
968,5.761073429496833E-4,8.02560097624086,133.71371734480775
969,5.761073429496833E-4,8.024995378554756,137.1939000230884
970,5.754691400688591E-4,8.02465394591747,135.1820448787386
971,5.737641814213509E-4,8.023959914829414,135.67170783064384
972,5.73143531019286E-4,8.023621257246841,136.16383600137019
973,5.73143531019286E-4,8.023078146986183,137.63913339818393
974,5.73143531019286E-4,8.02243746526964,131.23788220258862
975,5.502662928067892E-4,8.021593485916455,123.38513595966576
976,5.480452490113308E-4,8.02088593254105,124.42663303159684
977,5.480452490113308E-4,8.020271677951232,133.7902935271506
978,5.480452490113308E-4,8.019727546073506,139.8235094652832
979,5.480452490113308E-4,8.019649994815461,139.16427389006336
980,5.480452490113308E-4,8.019180009383325,124.9348329387106
981,5.480452490113308E-4,8.018160336750084,131.88649382242087
982,5.480452490113308E-4,8.01744267790307,134.83675437024914
983,5.480452490113308E-4,8.017317162198712,145.09116499996387
984,5.439363094568606E-4,8.016886013101217,129.52042249189088
985,5.439363094568606E-4,8.016040039512692,127.51891930157663
986,5.439363094568606E-4,8.015280597578954,136.35635258908192
987,5.398068131225268E-4,8.014769700739445,138.84935877440336
988,5.398068131225268E-4,8.014184293523742,130.774983589683
989,5.398068131225268E-4,8.013687862310201,129.14980214830476
990,5.398068131225268E-4,8.012916767019293,130.4359575474347
991,5.367808686701281E-4,8.012318131341377,134.58423463639397
992,5.361081890945603E-4,8.012009019989115,130.9763009606769
993,5.361081890945603E-4,8.011542092446042,133.05678704486954
994,5.361081890945603E-4,8.010743337580736,126.54966736541185
995,5.361081890945603E-4,8.01013274324405,131.54908865126808
996,5.348582337041681E-4,8.009800190483135,131.94166091277495
997,5.348582337041681E-4,8.00920412254798,124.83240422961703
998,5.348582337041681E-4,8.008721767345309,131.6916511808361
999,5.348428805184231E-4,8.008152120591692,127.39081396573629
1000,5.229049168658999E-4,8.007512975333599,132.96975024736088
